219 ,233, 43 ,233, 43 ,148, 148 ,158, 50 ,158, 50 ,212, 
212 ,225, 13 ,225, 13 ,162, 162 ,209, 45 ,209, 45 ,195, 
126 ,195, 8 ,126, 8 ,76, 76 ,187, 149 ,187, 120 ,149, 120 
,249, 201 ,249, 140 ,201, 140 ,161, 161 ,216, 59 ,216, 59 
,128, 128 ,173, 26 ,173, 48 ,120, 48 ,117, 112 ,117, 112 
,174, 174 ,220, 206 ,220, 58 ,206, 58 ,123, 4 ,123, 4 ,
74, 18 ,74, 18 ,113, 113 ,188, 5 ,188, 5 ,144, 86 ,161, 
86 ,248, 5 ,96, 57 ,96, 57 ,222, 158 ,213, 114 ,213, 114 
,129, 81 ,129, 81 ,83, 83 ,143, 44 ,143, 44 ,125, 17 ,
125, 17 ,218, 158 ,232, 85 ,232, 96 ,146, 119 ,146, 53 ,
119, 162 ,243, 70 ,243, 70 ,250, 71 ,250, 37 ,71, 35 ,
158, 35 ,46, 46 ,127, 127 ,176, 98 ,176, 19 ,201, 12 ,
148, 12 ,79, 79 ,110, 110 ,231, 63 ,231, 63 ,73, 220 ,
221, 159 ,221, 50 ,147, 37 ,205, 205 ,227, 122 ,227, 78 ,
220, 78 ,156, 116 ,156, 116 ,198, 198 ,208, 116 ,139, 64 ,
250, 64 ,242, 176 ,193, 90 ,128, 52 ,79, 30 ,52, 26 ,175, 
27 ,58, 27 ,229, 201 ,238, 33 ,122, 33 ,215, 196 ,215, 16 
,213, 16 ,107, 116 ,183, 62 ,79, 60 ,231, 60 ,167, 11 ,
238, 9 ,71, 9 ,230, 163 ,230, 104 ,163, 29 ,104, 29 ,67, 
38 ,201, 164 ,174, 39 ,164, 39 ,100, 10 ,100, 16 ,145, 
149 ,170, 68 ,170, 68 ,151, 159 ,192, 191 ,192, 93 ,191, 
93 ,186, 172 ,218, 172 ,178, 47 ,178, 120 ,155, 47 ,194, 
64 ,72, 6 ,59, 6 ,157, 216 ,217, 152 ,217, 67 ,245, 95 ,
245, 22 ,122, 132 ,158, 190 ,206, 60 ,182, 182 ,234, 87 ,
186, 87 ,138, 137 ,170, 34 ,137, 25 ,34, 100 ,111, 23 ,
111, 187 ,224, 15 ,114, 57 ,239, 177 ,182, 11 ,150, 135 ,
150, 7 ,113, 180 ,215, 180 ,199, 186 ,203, 51 ,203, 77 ,
233, 32 ,158, 84 ,174, 1 ,147, 1 ,241, 167 ,189, 94 ,189, 
42 ,233, 28 ,195, 28 ,91, 125 ,154, 13 ,223, 99 ,172, 69 
,107, 196 ,202, 216 ,226, 185 ,226, 162 ,246, 18 ,49, 49 
,54, 41 ,150, 40 ,186, 116 ,235, 7 ,106, 52 ,207, 57 ,
228, 91 ,184, 214 ,218, 75 ,214, 56 ,75, 105 ,190, 25 ,
237, 63 ,121, 121 ,165, 164 ,169, 103 ,155, 210 ,245, 8 ,
108, 97 ,151, 98 ,160, 71 ,80, 131 ,218, 75 ,133, 167 ,
211, 21 ,26, 163 ,247, 88 ,167, 88 ,204, 124 ,189, 65 ,
180, 31 ,140, 38 ,197, 55 ,131, 153 ,182, 153 ,166, 166 ,
200, 71 ,102, 130 ,155, 20 ,130, 78 ,92, 64 ,168, 123 ,
179, 89 ,93, 2 ,250, 101 ,116, 141 ,237, 59 ,244, 14 ,
107, 171 ,216, 52 ,236, 47 ,118, 71 ,134, 82 ,123, 171 ,
181, 49 ,66, 24 ,198, 66 ,109, 61 ,224, 3 ,117, 36 ,101, 
95 ,142, 136 ,142, 8 ,115, 237 ,240