19 ,35, 35 ,75, 75 ,111, 28 ,111, 28 ,120, 107 ,120, 107 
,133, 2 ,133, 2 ,23, 23 ,98, 98 ,143, 10 ,143, 126 ,
143, 106 ,126, 80 ,106, 7 ,80, 20 ,143, 20 ,104, 63 ,104, 
63 ,88, 6 ,88, 6 ,70, 70 ,109, 109 ,130, 24 ,130, 24 ,
59, 59 ,90, 37 ,59, 18 ,37, 12 ,18, 12 ,32, 32 ,40, 36 ,
40, 8 ,28, 8 ,117, 82 ,117, 27 ,80, 27 ,30, 30 ,94, 33 ,
94, 9 ,33, 63 ,136, 115 ,136, 113 ,115, 48 ,90, 48 ,61, 
61 ,101, 101 ,148, 99 ,148, 59 ,77, 38 ,120, 38 ,114, 114 
,149, 71 ,149, 29 ,111, 29 ,39, 39 ,135, 93 ,135, 9 ,
68, 22 ,32, 22 ,116, 73 ,116, 24 ,87, 42 ,87, 42 ,103, 13 
,103, 13 ,95, 69 ,73, 69 ,141, 22 ,147, 1 ,88, 4 ,94, 4 
,100, 89 ,100, 64 ,89, 66 ,87, 58 ,66, 45 ,58, 45 ,83, 
40 ,96, 54 ,115, 30 ,76, 74 ,136, 74 ,118, 118 ,125, 55 
,70, 85 ,94, 52 ,85, 31 ,52, 73 ,134, 32 ,79, 57 ,111, 
67 ,103, 15 ,67, 41 ,126, 21 ,41, 34 ,116, 34 ,123, 12 ,
121, 37 ,97, 5 ,103, 5 ,144, 13 ,43, 90 ,138, 59 ,150, 16 
,148, 21 ,81, 28 ,51, 10 ,140, 78 ,117, 6 ,53, 17 ,109, 
83 ,105, 40 ,129, 57 ,62, 58 ,86, 86 ,131, 26 ,93, 11 ,
42, 65 ,131, 34 ,139, 122 ,139, 25 ,117, 3 ,117, 2 ,14, 
44 ,122, 59 ,145, 19 ,60, 20 ,92, 92 ,108, 47 ,48, 47 ,
124, 84 ,150, 17 ,146, 71 ,102, 127 ,149, 27 ,132, 59 ,
137, 110 ,125, 42 ,142, 91 ,136, 42 ,50, 46 ,60, 19 ,119, 
57 ,112, 17 ,49, 25 ,72, 41 ,56, 105 ,128