281 ,339, 278 ,281, 278 ,492, 124 ,492, 66 ,124, 66 ,262, 
262 ,346, 346 ,468, 182 ,468, 32 ,468, 32 ,488, 214 ,488, 
164 ,214, 164 ,373, 260 ,373, 151 ,260, 151 ,397, 3 ,397, 
3 ,135, 135 ,293, 293 ,358, 344 ,358, 110 ,344, 110 ,348, 
132 ,348, 132 ,322, 322 ,436, 326 ,436, 254 ,326, 254 ,
341, 341 ,403, 248 ,403, 125 ,248, 125 ,190, 190 ,386, 242 
,386, 242 ,459, 59 ,459, 59 ,137, 137 ,150, 150 ,292, 292 
,477, 140 ,477, 40 ,140, 67 ,397, 27 ,67, 27 ,267, 267 ,
318, 318 ,378, 378 ,497, 239 ,497, 239 ,336, 2 ,336, 2 ,
290, 17 ,290, 17 ,375, 223 ,375, 223 ,385, 339 ,431, 296 ,
431, 18 ,296, 18 ,198, 198 ,280, 90 ,280, 90 ,445, 124 ,
263, 321 ,468, 82 ,321, 18 ,68, 68 ,379, 160 ,379, 104 ,
160, 104 ,233, 139 ,233, 139 ,268, 128 ,268, 128 ,133, 120 
,397, 6 ,120, 6 ,338, 338 ,387, 136 ,387, 136 ,362, 32 ,
143, 125 ,177, 148 ,177, 148 ,406, 368 ,406, 43 ,368, 43 ,
61, 61 ,176, 43 ,304, 179 ,182, 179 ,361, 361 ,412, 326 ,
448, 12 ,448, 12 ,157, 128 ,134, 28 ,134, 28 ,365, 35 ,
365, 163 ,412, 163 ,414, 414 ,466, 12 ,37, 37 ,65, 65 ,
181, 45 ,278, 45 ,154, 33 ,154, 33 ,405, 99 ,405, 99 ,
447, 43 ,215, 215 ,444, 380 ,444, 13 ,110, 13 ,458, 186 ,
385, 335 ,344, 148 ,475, 221 ,475, 221 ,311, 311 ,423, 119 
,423, 119 ,232, 232 ,288, 22 ,288, 294 ,368, 213 ,294, 
213 ,426, 20 ,288, 128 ,257, 222 ,257, 222 ,432, 321 ,
450, 165 ,450, 20 ,42, 42 ,101, 101 ,172, 172 ,226, 248 ,
372, 53 ,403, 53 ,408, 313 ,375, 141 ,313, 118 ,141, 118 ,
251, 251 ,456, 456 ,481, 481 ,487, 252 ,487, 252 ,463, 446 
,463, 446 ,452, 452 ,462, 83 ,462, 83 ,247, 247 ,396, 14 
,396, 138 ,318, 138 ,442, 233 ,235, 147 ,235, 147 ,334, 
279 ,334, 49 ,279, 66 ,167, 257 ,460, 181 ,485, 152 ,444, 
50 ,152, 50 ,92, 92 ,206, 40 ,350, 285 ,304, 38 ,285, 51 
,397, 124 ,277, 70 ,143, 70 ,123, 123 ,201, 78 ,201, 78 
,494, 224 ,372, 224 ,399, 399 ,500, 425 ,500, 137 ,411, 
113 ,411, 177 ,449, 63 ,449, 63 ,98, 98 ,129, 129 ,392, 
392 ,472, 156 ,472, 156 ,439, 258 ,439, 199 ,258, 153 ,
448, 153 ,210, 210 ,347, 197 ,347, 134 ,434, 137 ,286, 286 
,433, 89 ,433, 89 ,300, 300 ,376, 149 ,376, 321 ,486, 64 
,486, 64 ,360, 158 ,494, 158 ,256, 256 ,427, 36 ,427, 17 
,328, 269 ,431, 269 ,367, 367 ,435, 259 ,435, 12 ,229, 
229 ,407, 203 ,407, 102 ,203, 102 ,144, 167 ,418, 57 ,
403, 57 ,440, 185 ,387, 185 ,398, 343 ,398, 322 ,388, 195 
,458, 195 ,453, 233 ,404, 141 ,227, 191 ,227, 28 ,230, 
230 ,332, 451 ,481, 2 ,180, 180 ,264, 138 ,320, 145 ,320, 
131 ,387, 229 ,287, 89 ,469, 469 ,491, 164 ,275, 125 ,
483, 390 ,483, 463 ,476, 53 ,363, 138 ,306, 156 ,175, 97 ,
263, 59 ,266, 245 ,334, 16 ,412, 201 ,489, 241 ,450, 241 ,
308, 32 ,317, 369 ,406, 26 ,369, 26 ,41, 249 ,259, 379 ,
384, 40 ,130, 130 ,238, 143 ,356, 80 ,138, 80 ,381, 238 ,
424, 346 ,383, 129 ,220, 57 ,146, 84 ,146, 84 ,482, 312 ,
482, 295 ,397, 23 ,295, 23 ,413, 60 ,165, 184 ,339, 184 ,
200, 200 ,490, 71 ,490, 71 ,202, 170 ,358, 103 ,170, 103 ,
298, 216 ,298, 31 ,216, 263 ,305, 178 ,360, 106 ,178, 22 ,
354, 283 ,354, 217 ,439, 70 ,126, 84 ,479, 137 ,471, 228 ,
466, 13 ,276, 232 ,271, 128 ,329, 259 ,337, 189 ,337, 68 ,
243, 127 ,306, 226 ,282, 303 ,356, 346 ,465, 465 ,467, 62 
,444, 161 ,258, 281 ,291, 2 ,193, 193 ,416, 116 ,489, 166 
,230, 98 ,225, 134 ,325, 117 ,325, 73 ,378, 58 ,73, 48 ,
432, 48 ,204, 88 ,204, 29 ,110, 211 ,463, 106 ,382, 65 ,
499, 336 ,484, 276 ,421, 272 ,294, 107 ,272, 424 ,428, 190 
,316, 306 ,370, 74 ,313, 74 ,340, 340 ,417, 285 ,357, 299 
,379, 207 ,299, 115 ,269, 372 ,429, 52 ,61, 13 ,402, 402 
,430, 369 ,400, 194 ,269, 86 ,194, 86 ,284, 234 ,354, 94 
,234, 69 ,370, 216 ,359, 22 ,307, 236 ,307, 11 ,405, 411 
,419, 4 ,125, 4 ,498, 170 ,454, 80 ,173, 142 ,173, 142 ,
265, 253 ,265, 87 ,253, 96 ,230, 128 ,393, 111 ,304, 201 ,
205, 9 ,101, 75 ,104, 40 ,108, 108 ,112, 109 ,111, 141 ,
395, 21 ,477, 217 ,438, 345 ,436, 149 ,159, 122 ,479, 122 
,168, 172 ,208, 421 ,474, 89 ,155, 100 ,460, 237 ,298, 
314 ,452, 34 ,383, 261 ,417, 8 ,261, 352 ,359, 91 ,472, 
86 ,209, 158 ,496, 5 ,159, 283 ,457, 188 ,457, 121 ,129, 
127 ,364, 58 ,441, 125 ,377, 366 ,377, 104 ,478, 309 ,
363, 255 ,269, 39 ,173, 190 ,493, 274 ,407, 391 ,481, 163 
,183, 96 ,420, 171 ,177, 81 ,282, 122 ,297, 72 ,139, 72 
,273, 212 ,273, 117 ,401, 275 ,330, 114 ,286, 218 ,391, 
16 ,301, 133 ,231, 94 ,333, 10 ,384, 55 ,264, 242 ,374, 
464 ,497, 267 ,410, 174 ,500, 287 ,415, 1 ,388, 273 ,389, 
362 ,480, 353 ,494, 315 ,354, 244 ,385, 319 ,411, 91 ,
473, 148 ,351, 187 ,291, 250 ,256, 54 ,397, 141 ,240, 9 ,
470, 47 ,379, 47 ,246, 93 ,350, 366 ,437, 5 ,443, 7 ,59, 
146 ,495, 270 ,401, 76 ,174, 46 ,92, 44 ,46, 325 ,342, 
349 ,359, 355 ,412, 289 ,364, 253 ,371, 461 ,499, 85 ,
120, 252 ,394, 162 ,452, 95 ,352, 15 ,32, 48 ,409, 36 ,
302, 105 ,252, 192 ,469, 30 ,208, 377 ,455, 196 ,457, 19 ,
410, 127 ,324, 414 ,422, 79 ,394, 25 ,315, 331 ,403, 323 ,
338, 56 ,429, 125 ,327, 77 ,334, 24 ,35, 122 ,219, 97 ,
169, 122 ,310